GMM Results (Accuracy, F1-score): [(0.6612903225806451, 0.3225806451612903), (0.7377049180327869, 0.2), (0.7049180327868853, 0.30769230769230765), (0.5901639344262295, 0.13793103448275862), (0.7049180327868853, 0.35714285714285715)]
GMM Results (Accuracy, F1-score): [0.6797990481226865, 0.26506936889584276]
MAF Results (Accuracy, F1-score): [(0.7096774193548387, 0.25), (0.819672131147541, 0.5217391304347827), (0.7540983606557377, 0.0), (0.7540983606557377, 0.21052631578947367), (0.7213114754098361, 0.32)]
MAF Results (Accuracy, F1-score): [0.7517715494447382, 0.2604530892448513]
SVM: [(0.7096774193548387, 0.30769230769230765), (0.7540983606557377, 0.0), (0.7540983606557377, 0.0), (0.7704918032786885, 0.3), (0.7213114754098361, 0.26086956521739124)]
SVM: [0.7419354838709677, 0.17371237458193978]
Logistic Regression: [(0.6935483870967742, 0.24), (0.819672131147541, 0.4210526315789474), (0.7377049180327869, 0.0), (0.7704918032786885, 0.3), (0.7213114754098361, 0.26086956521739124)]
Logistic Regression: [0.7485457429931254, 0.2443844393592677]
RF: [(0.6774193548387096, 0.2857142857142857), (0.7049180327868853, 0.30769230769230765), (0.7213114754098361, 0.4137931034482759), (0.6721311475409836, 0.16666666666666666), (0.639344262295082, 0.38888888888888884)]
RF: [0.6830248545742993, 0.312551050482085]
MLP: [(0.6774193548387096, 0.2857142857142857), (0.7377049180327869, 0.1111111111111111), (0.7704918032786885, 0.3), (0.7213114754098361, 0.31999999999999995), (0.7049180327868853, 0.35714285714285715)]
MLP: [0.7223691168693813, 0.2747936507936508]
LDA: [(0.6774193548387096, 0.2857142857142857), (0.7049180327868853, 0.30769230769230765), (0.7213114754098361, 0.4137931034482759), (0.6721311475409836, 0.16666666666666666), (0.639344262295082, 0.38888888888888884)]
LDA: [0.6830248545742993, 0.312551050482085]
XGB: [(0.5645161290322581, 0.1818181818181818), (0.6721311475409836, 0.28571428571428575), (0.7377049180327869, 0.4666666666666667), (0.6885245901639344, 0.29629629629629634), (0.639344262295082, 0.4210526315789474)]
XGB: [0.660444209413009, 0.33030961241487555]
