GMM Results (Accuracy, F1-score): [(0.6774193548387096, 0.46428571428571425), (0.6989247311827957, 0.4814814814814815), (0.6086956521739131, 0.35714285714285715), (0.6195652173913043, 0.3859649122807017), (0.6521739130434783, 0.4482758620689656)]
GMM Results (Accuracy, F1-score): [0.6513557737260403, 0.42743016545194407]
MAF Results (Accuracy, F1-score): [(0.7419354838709677, 0.6571428571428571), (0.6881720430107527, 0.5396825396825397), (0.7717391304347826, 0.676923076923077), (0.717391304347826, 0.6176470588235295), (0.6739130434782609, 0.5588235294117647)]
MAF Results (Accuracy, F1-score): [0.718630201028518, 0.6100438123967535]
SVM: [(0.7419354838709677, 0.5999999999999999), (0.7204301075268817, 0.5357142857142857), (0.7717391304347826, 0.6181818181818182), (0.6630434782608695, 0.456140350877193), (0.6630434782608695, 0.4918032786885246)]
SVM: [0.7120383356708743, 0.5403679466923643]
Logistic Regression: [(0.7634408602150538, 0.6206896551724139), (0.7311827956989247, 0.5614035087719298), (0.782608695652174, 0.6153846153846154), (0.6413043478260869, 0.44067796610169496), (0.6630434782608695, 0.4918032786885246)]
Logistic Regression: [0.7163160355306217, 0.5459918048238357]
RF: [(0.6774193548387096, 0.5161290322580646), (0.7096774193548387, 0.4489795918367347), (0.7065217391304348, 0.5423728813559322), (0.6739130434782609, 0.4827586206896552), (0.6195652173913043, 0.339622641509434)]
RF: [0.6774193548387097, 0.4659725535299641]
MLP: [(0.6774193548387096, 0.5161290322580646), (0.6344086021505376, 0.45161290322580644), (0.6086956521739131, 0.3793103448275862), (0.6630434782608695, 0.456140350877193), (0.5978260869565217, 0.4307692307692308)]
MLP: [0.6362786348761104, 0.4467923723915762]
LDA: [(0.6774193548387096, 0.5161290322580646), (0.7096774193548387, 0.4489795918367347), (0.7065217391304348, 0.5423728813559322), (0.6739130434782609, 0.4827586206896552), (0.6195652173913043, 0.339622641509434)]
LDA: [0.6774193548387097, 0.4659725535299641]
XGB: [(0.6666666666666666, 0.4745762711864407), (0.6881720430107527, 0.4727272727272727), (0.6630434782608695, 0.4918032786885246), (0.6630434782608695, 0.49180327868852464), (0.6195652173913043, 0.4067796610169491)]
XGB: [0.6600981767180926, 0.46753795246154234]
